15470
16632
19208
8953
12296
731
10840
4125
9055
10035
11285
17397
11133
2908
2881
13291
6154
2432
9840
15896
14527
3888
5386
1761
14610
12007
6683
4888
13549
11861
7341
2926
10335
15050
17215
138
11211
1908
19583
16284
17298
8815
18407
4225
19593
9450
3528
19593
18636
14497
6376
14008
2520
6469
7532
5364
5177
9537
9675
1552
18339
16601
5615
1509
13471
8241
16608
7206
17769
705
18583
9886
7983
3732
10993
9960
6529
16164
6295
17190
18265
2104
7802
8059
5662
2544
2485
8251
8827
15143
9866
2325
25
18273
7847
7623
13992
682
17187
17428
17775
18798
4977
5585
247
10854
4236
8394
1890
3220
1155
197
15645
10756
4098
17679
2459
4168
7169
13165
15413
3520
6581
18203
11100
764
3947
11056
17121
2524
2905
12947
13755
8064
15322
10234
718
18358
12168
733
17228
12637
7115
8912
12031
11138
14422
12491
10844
8537
9193
14882
18187
16680
2690
12889
10089
4155
16971
17388
19383
11010
9725
6613
2184
4983
887
5818
3147
13074
4989
13966
7268
13732
15187
3593
9049
14784
11036
15312
15029
17858
13221
17249
19324
383
10678
14075
4818
15125
1454
1994
19700
5207
2514
17804
13745
7125
4813
12669
5900
14649
8336
10626
19569
11787
9602
15306
5039
2184
6291
12384
17249
7915
5891
4794
8399
9885
10039
10765
18724
18527
10755
7107
11391
13342
1997
16222
17861
15603
14000
1232
1302
19125
8836
11752
7381
11830
4598
1289
17519
2647
17087
5734
16217
10219
19154
12965
8223
13046
14568
19821
413
51
19443
15359
17501
16636
11894
14397
11144
593
7211
1534
15193
14042
16637
14315
10032
9795
10391
11231
1005
16018
7713
18777
4000
11205
16186
2008
16317
4172
5381
1614
16306
11004
1472
726
17530
10931
5953
10094
7015
11237
7687
3545
3706
18411
13278
16341
7155
15529
14782
10198
660
10473
17807
8806
19439
3095
16363
19072
13530
16792
17312
11813
12490
229
16166
18341
462
2845
9033
535
1542
6327
10542
6007
19719
17192
13774
12123
18810
10894
13795
5910
3688
1540
16729
3596
6939
4963
8958
8358
15611
4907
14564
4366
14925
4240
4748
19150
19541
3596
4539
1395
19393
5137
18765
2468
87
8595
5080
1575
5629
3009
12988
17976
16443
7529
15364
18916
3811
14937
16241
3010
508
11778
11338
12691
7995
2045
19671
10866
11470
17284
3120
7923
17239
9423
11687
1717
15869
16630
6173
4419
65
15469
2326
9904
8292
18003
2150
18375
12786
6976
5116
11798
480
12755
7888
404
11012
1106
14217
19836
860
14939
10700
3184
15220
1287
1672
1266
4579
4056
16658
15410
1803
13662
3535
13527
350
1220
19796
13962
19130
16130
13244
18068
10146
16372
14007
14616
19605
15962
13838
17090
18371
17177
9445
4967
8801
4896
6218
13631
18447
1714
17323
8502
7320
4692
11035
9763
4106
941
19997
10314
10384
19740
15834
13157
5494
14817
14257
14350
9657
13232
8538
8100
12503
17221
4621
8043
14416
18019
15164
6328
18000
15947
6216
15225
17125
3384
1223
11246
4077
19522
4528
6593
13577
18833
164
1217
11108
3548
19031
8278
1113
11606
14855
2601
15941
938
3950
13710
15360
18111
15061
16542
2598
18435
18447
13101
19780
4938
14690
14750
836
14474
16995
7342
4909
14158
13360
12555
16095
2987
2145
14985
7718
1877
19733
17656
3564
8807
18809
6239
10712
4308
2696
10103
9488
16538
5304
12541
8742
4527
4570
8084
8217
10023
6987
11619
4843
19816
10244
421
10170
16314
502
5503
19098
17737
581
19747
2137
18716
2997
11336
9634
10744
11288
3246
4970
8466
3819
5102
9011
10474
15811
2852
9681
8426
13521
10162
4610
9796
4839
349
11586
19780
9480
15872
10830
14141
12365
19699
6243
11229
11173
18578
4267
11983
544
4789
16942
18829
8593
4540
1647
2133
2757
19225
706
18577
15666
18253
15860
10182
13419
3903
16468
17049
16083
10368
18186
19164
11854
5768
7824
19818
17921
6350
14661
12450
17230
15128
12744
1026
6259
15481
1942
9207
15823
11726
15015
7744
16190
4786
11477
17072
13610
10374
8180
5531
3415
6292
7541
4074
15811
9232
14841
8498
15941
12504
7499
2860
19904
19964
13142
8680
13282
10288
14242
1829
16406
1586
2321
12783
1266
6606
8091
12414
14794
8728
14323
7221
8238
6999
9150
9706
4736
2733
13076
9916
19471
8188
6562
17056
11101
16844
3077
5490
12951
9526
3111
3259
17457
14162
9160
7724
4379
19124
366
17729
9565
14073
12618
6242
14814
12972
15920
4424
8280
9623
13511
12645
15941
2165
11820
11619
10726
16126
5426
10849
15634
8511
12719
3513
11114
8769
10330
14279
13226
17777
453
13846
7633
4408
9808
14062
4673
10094
14692
2904
8954
4713
19920
1144
8353
13684
12386
11382
16294
13056
8192
2087
2835
7613
19971
12850
7631
2547
2705
19554
13606
8198
7046
17136
4791
762
6973
5635
14537
5131
12195
18344
10886
8378
10278
14525
14166
18745
3648
315
3162
19556
18297
9759
7932
2877
8284
3584
15014
9043
1188
6126
14655
1336
4373
3888
5892
12296
5933
11012
636
16967
16984
9341
17439
5291
12950
4903
5715
18130
19438
2182
7550
6186
1608
7850
18080
14237
17729
13905
11407
16672
10222
16091
11698
9600
18696
3532
13676
149
6963
16504
10257
14478
17985
7348
6155
10340
17542
10570
5600
3794
14235
6498
2704
3058
3858
12540
11012
3475
12773
15129
2039
5199
16881
7722
12746
7836
7268
16043
3163
15171
1337
12562
16727
11381
4220
5689
17708
16739
12633
13981
6241
2026
2384
12686
19470
7499
11000
12963
5636
9413
5115
14017
9829
13533
2187
15856
19470
8283
9003
10876
11515
16786
14711
12305
2989
15780
14436
17616
391
9569
12889
9965
415
17182
8303
6272
11996
1464
6792
19565
12978
9075
10993
13254
16404
1428
8245
11309
4881
17004
18164
19658
14435
15250
15036
9150
12810
227
3590
16550
16104
12973
12081
3648
1719
16764
2936
2939
14121
13636
3226
7645
13031
19000
11457
16239
14416
1134
4953
10700
15945
18267
2466
16563
3352
7930
11482
6151
7686
7918
4580
1326
4328
15772
18454
2093
6954
14921
19477
8804
19664
9845
8418
11782
4193
9215
4524
2620
441
12621
7956
16649
13205
7233
10960
9320
15007
6624
9595
4086
7389
11089
3583
13664
8585
4539
458
10098
9995
16283
9226
12016
1347
18574
15941
7010
18328
16761
13464
19635
2978
7861
9562
160
8229
3216
5697
4911
9248
10675
13808
14445
12260
3499
8269
10550
16522
18290
1460
15501
17076
12914
13361
10465
3269
2655
4984
15291
4681
6753
18204
18189
8228
5080
16822
16301
14188
4102
14339
18623
6032
10538
10496
1654
5506
18630
14271
6864
15393
4992
6360
14887
11516
13263
7334
18917
5720
19786
5276
2809
865
12691
674
7080
8654
8981
9488
11111
1492
1613
13879
17533
11559
3052
6204
2757
19739
2657
14016
14587
19691
13398
6397
7131
15306
11310
229
3859
6008
5804
2534
17730
6388
6931
16547
3174
3213
17489
18239
39
12041
1367
14987
17895
10800
4558
16311
16378
15108
3478
2396
18523
7659
1100
9471
17426
2617
16390
8653
5749
17548
16146
11690
14333
5585
4724
11219
3899
19619
13280
11054
3209
12476
11072
14289
6670
17475
5100
6932
5712
2330
8706
863
16963
243
17404
2653
17381
846
17169
13971
9633
17671
2442
15611
15677
17158
18607
15735
17589
10406
7050
3108
7951
5359
17031
6386
10
11356
2195
9555
6207
4545
18375
16371
16089
18304
11622
15798
17914
3171
9241
903
9606
10905
2342
16705
15677
3053
6171
7390
2849
3662
12540
17461
7170
8842
8313
9829
14089
19474
90
11097
3783
6376
18391
1620
5356
14259
16219
9481
7828
14480
17234
9526
8958
13249
6936
19726
14620
7968
13134
16837
10427
3011
15451
7122
10154
3375
10801
11478
6711
15245
1446
12967
16234
12579
511
11451
1516
5916
7438
6753
19960
934
18425
8405
11729
10969
7953
5939
13607
3904
7320
4480
12702
12168
9080
9139
9985
1204
19943
18747
19862
9271
4225
14171
8413
797
7184
7971
12424
3050
16484
14176
19546
18779
14379
17895
1532
16287
13733
15591
7726
2437
2133
2183
12090
10292
14051
2928
11476
19681
12496
11133
15959
10336
5507
1401
15888
17663
16602
18111
19888
1963
16525
5853
16844
15220
17845
19888
3301
18872
12016
15972
18866
5954
10809
6121
7293
7804
1940
14526
772
3732
1754
13900
13735
9001
14811
14767
2805
13553
15212
909
10761
7282
13661
488
3354
1914
7962
8860
4478
8036
6222
13015
9968
8594
13949
10472
5623
7180
395
6465
3629
19667
7676
17133
683
5205
11569
5400
18461
16481
6541
19051
14996
14036
2307
3096
2447
18398
19563
9476
17834
19055
1780
168
3882
3923
11777
10671
13256
17105
14114
12965
4806
6631
4334
17283
2923
12525
3781
16625
3985
6777
2720
11894
5244
13028
19261
6777
14082
13791
9503
9950
5582
11555
1189
4666
4891
7283
15376
19898
902
11723
332
247
11353
8113
15703
1776
6515
17153
4897
1672
11209
19587
464
5862
17774
1369
15643
9735
15945
6772
5146
15251
13144
7990
3177
11457
16044
3833
681
1755
2135
19169
11665
18219
2
3459
18133
17659
11998
16051
279
1694
11785
14074
2471
11385
3101
8386
18391
17503
13162
9195
14777
2287
18589
10254
2306
17512
13725
13925
9188
7458
7651
12363
1074
3393
10455
4401
313
11513
13222
10374
4145
4850
16949
15194
15770
15144
7904
16675
7587
15297
13385
11294
13959
1401
3113
13850
19984
4514
18058
3319
18578
15694
15521
15530
10283
831
11655
16989
434
4168
350
14733
17230
16995
1665
18963
10692
5276
8831
12317
18399
3807
2572
11281
8057
18252
7239
7904
17373
19699
4529
17423
13127
5083
11632
8492
13046
6564
9588
17719
12186
337
15176
12791
13276
11344
4175
4712
9954
18300
1419
6338
5275
6064
10122
454
3508
3950
17580
10217
14944
16948
11685
3086
13161
4024
3763
3065
18032
14003
17552
17736
12766
8924
5342
17810
17203
16558
19868
9595
7525
11587
18809
4793
10395
4527
19502
9644
12149
4876
6861
10079
7734
4931
15284
19079
14590
18602
16202
1123
19517
9191
3078
7380
18244
7089
13389
19744
19878
18397
12638
10078
13315
19302
15973
14351
13543
13072
11167
6638
12220
13464
14023
15457
11229
8939
7479
9108
14596
1726
5425
18186
8308
15673
6969
9513
19562
8206
15377
3633
6127
13384
56
19161
6768
16322
18145
18858
5278
19349
16834
9436
12218
7409
11615
7442
9996
12855
71
19070
11071
8680
18917
14468
11312
15966
18587
14632
2475
17253
309
17777
18643
15820
6387
3014
16341
9177
2079
7201
2724
10450
10590
4863
829
2508
13643
19716
19537
11256
13591
9036
17702
10501
6029
7951
18038
702
3867
11947
14337
8829
5171
4561
1135
5977
15026
7183
8098
4020
16355
13547
16189
3073
5626
3287
5342
2289
19401
4149
10761
5645
5565
16678
1894
4966
9899
17339
19511
19830
9137
3831
14241
10037
10868
12655
12154
12267
15461
19584
8545
9091
413
11293
11739
6481
19316
13110
7618
13163
3420
14157
1833
8959
14345
16434
869
4820
18862
9348
4422
17213
19382
8612
2608
10509
17374
8990
601
14404
6346
14558
7440
507
7180
11131
17590
17523
18377
6495
15504
7440
1845
15998
6798
8591
4020
3059
9901
12886
10037
18271
940
16805
13786
7352
4621
13548
3229
17652
12272
12083
18356
14789
13163
8824
4461
19803
2888
425
9591
18148
7235
5281
8607
5963
17962
18763
363
6015
14803
7054
6812
11273
6927
501
1319
19160
7722
10808
2681
3506
12957
19494
12364
7481
5059
8187
1938
14288
108
2749
15996
17882
6396
10264
17819
14923
2370
14870
13199
14042
5572
10585
14987
8577
19088
12778
19148
9659
6639
11667
8206
17220
8072
4559
346
5081
8512
8611
6179
14828
10486
6348
2549
9078
13847
11229
16548
12291
8636
12486
16878
2211
9923
14784
8620
16620
17062
2314
4498
5132
17731
5178
4998
604
6807
993
6366
209
645
6698
201
10922
13539
19126
11801
12756
4279
6188
19896
15084
15292
56
16890
8476
11389
9942
17178
13853
2877
6119
16052
18142
123
4462
11500
25
1330
17848
3047
14181
11481
3181
12345
18942
5062
10330
18676
7274
1649
7061
2326
17953
13251
4390
15152
88
2374
7883
12392
8698
9156
5660
3276
13460
13225
5240
16497
11813
12322
2541
1717
3703
17276
4352
14094
15938
6466
9480
12833
1766
14068
674
9317
4166
3356
5003
9640
9701
6394
10488
16503
19574
10454
13681
19296
5316
19774
4694
19229
3256
13336
16706
5901
11481
1533
15718
14819
1004
9891
1047
2087
5599
18753
17041
15796
11344
13308
16963
7425
7510
19450
17668
1017
19391
11945
7822
14089
5100
19734
10639
11330
7434
4673
16987
125
17733
11692
7545
3014
776
14164
12336
8936
1964
18576
19354
804
13459
18910
8416
17263
15325
13427
15728
3103
10661
17586
3376
17718
8073
16156
5876
4779
12623
13566
16254
8919
6422
11114
16027
14524
11252
13102
7456
18318
17008
19297
5220
5296
12925
1756
15449
12187
18828
15498
17262
16540
5154
13777
1502
17248
9990
14274
5680
12355
3742
9066
8756
3974
19049
5761
5880
5257
9496
617
10536
7227
15949
9643
10692
19047
10372
18944
18612
76
7887
13546
13943
14278
5232
11407
259
2765
1366
6922
5378
3504
2895
17244
17775
2679
1319
13340
12501
265
12450
5435
8279
12861
3274
13311
5453
4189
4485
10103
4356
8056
19767
4348
12675
9914
4693
19820
8733
9063
12081
9656
1432
2942
15855
18133
15312
13324
14003
305
14064
17490
3330
14751
8466
8161
17530
13406
4458
6073
3332
5657
1279
13482
11056
9313
5009
16593
9133
11791
4410
14909
2481
15196
15133
14750
19111
9530
6516
13175
2986
80
16875
193
19815
7329
10293
17589
9027
18830
12726
15263
1663
6668
10865
18754
14222
14352
7812
4316
5684
10899
86
2043
7472
10832
7901
13662
10672
5413
5918
16789
11814
3586
4682
7013
3297
6679
8086
3227
19710
10590
18187
13368
15199
18769
8406
2575
3514
679
8740
15238
501
15018
1110
2942
6792
5187
11098
4480
15301
436
15580
12995
10066
18646
3775
5351
3736
10105
6649
3563
12237
15002
19165
7318
13588
4214
19791
6569
1018
15061
12884
18320
116
12556
15115
3533
8630
14754
9066
12025
5144
16060
16859
11037
10304
6504
5266
18719
14022
4335
7097
8376
9143
8718
2668
1440
17124
3769
1288
4935
15890
2125
15789
5804
17519
18106
4823
18851
2776
19412
11802
12374
11375
11374
19659
1344
8404
5407
12640
17319
19538
13426
4547
10450
8105
356
8706
6680
18190
9559
19363
9264
11624
5453
11471
14448
9711
17589
5655
17540
10084
11728
14661
17496
18048
16059
18388
16524
18986
11013
13673
5209
4733
2542
6767
13836
1660
9451
9982
12804
3940
3191
14238
2569
6917
1153
18389
11390
6909
10960
12395
11421
19584
19176
11507
7212
15733
14306
15744
8241
2058
14513
1556
2643
13420
7804
14132
14466
9920
8915
12932
4002
15492
1399
19000
7522
11612
10089
3321
10703
5275
16868
10294
9925
11496
8071
6316
4129
9251
952
10244
8462
3208
19868
3280
48
11016
6009
13989
17322
7306
14334
16691
10064
14590
6907
4539
18151
15186
13572
18244
17779
4292
14340
9073
10033
291
8575
19017
255
4020
3867
15140
19354
6496
6731
7390
8030
14693
12535
17348
14505
86
7942
18522
13141
8919
19743
18600
14411
3754
739
16550
18634
15107
17899
1696
15760
16472
7918
822
14503
13476
809
17998
18174
9110
4513
3169
2851
8847
11991
13419
10541
586
299
3045
18156
12622
12081
7135
592
16840
7973
6897
15377
11883
13664
1010
2831
3806
15075
163
19160
2929
13387
13426
19406
5669
9252
13426
13812
9083
1548
13952
2200
18194
11454
16594
4536
12626
1797
2702
1256
10241
7125
15000
18844
16963
1498
9331
13606
16873
19858
18217
15795
19788
3492
5488
16295
11954
7902
8200
907
1746
4488
5033
12565
6710
5361
18153
5732
1082
5071
7543
15147
958
10061
1479
16344
19299
14598
6179
8892
6258
12506
4985
6330
2294
9382
16748
12463
28
14776
9963
7478
6108
89
13941
4294
13061
11731
12752
6060
6400
7786
17114
8855
19913
15858
16522
10920
5123
9140
4163
10248
19207
16230
4326
1940
19716
7129
19088
2212
10039
6609
13377
5635
13396
19625
3377
1124
7770
17507
1795
13726
18765
16380
17649
19434
3907
14565
5119
6265
5149
7824
3730
8985
14421
17453
10685
17107
2737
842
10018
3785
10013
2027
18721
14227
19041
15121
16920
19683
19413
3674
16462
12983
4533
1331
12591
18462
8890
8708
15674
13862
2639
7397
12257
16047
11818
6377
11065
17884
336
15359
1988
12162
15269
13730
16771
4164
11889
15408
7095
6822
4221
17569
767
13167
16446
2313
13872
15967
4739
6202
8355
12081
19024
5263
3801
18661
1005
13373
17532
10670
1362
11739
17617
19941
16290
1555
12313
19745
5107
11950
12288
13616
3367
4588
18778
14727
565
7718
9368
12174
19565
8262
15732
8357
12464
665
15208
3219
2221
6499
13747
6100
18891
6587
5043
11183
8022
13488
7717
11194
806
6284
6542
11722
15140
4827
9864
2236
12510
1787
5450
16547
16732
9058
8080
16798
17041
18874
18652
14169
8254
3023
5850
6947
7183
2446
9446
4719
2333
14161
5718
2211
8091
939
7426
6243
7828
824
19520
3880
12763
15890
12386
15248
7261
101
14466
4440
7398
13130
4400
5405
19498
16941
8796
10048
12874
9980
3804
10636
12261
14119
5
5575
19746
16592
7336
16623
2509
16994
4213
17658
17047
12369
11893
14609
4815
18407
7625
231
14914
8791
19498
201
6927
2849
856
16111
7716
4689
11899
13870
16319
12295
14527
6032
16981
18091
18472
2791
1663
12390
4744
6212
7677
3754
4233
8191
17269
9962
9507
5862
17141
14739
15575
17707
1545
11757
18379
9237
16233
14288
1733
7018
13206
5674
11916
9940
9024
16247
6393
6624
3322
13387
17172
18450
505
12695
11388
11967
14121
10116
6974
15944
379
5561
265
17440
4239
9971
796
15004
8460
4207
3108
18716
13084
3943
17323
16902
12817
15325
4950
8766
17365
15240
6057
11495
6774
13747
4405
1339
6178
2185
3657
16960
6365
1692
10676
16044
4894
12969
12091
15599
19459
13148
11773
12835
8276
9271
17069
18734
7042
12120
7819
11171
7135
18096
18275
13983
15302
2311
1873
9875
4246
7628
1131
15406
11754
2128
8799
10027
9208
17835
14929
7228
13040
827
8135
7143
5445
14360
5646
12873
16027
8835
10124
13968
17518
4790
17092
5114
8518
19255
9326
7741
12103
9421
17027
6350
5850
3351
19284
7090
1044
19965
1112
19401
3497
18106
7794
14334
17250
7334
13734
15694
12441
3807
16096
18981
3852
1024
9730
4191
8329
12204
15504
10149
17162
16982
16495
2869
16042
19209
6580
15925
16369
8173
11175
13437
12375
18027
10406
9805
12427
5165
1698
8841
12153
3070
6026
10371
16270
8968
11352
6620
15211
2512
15599
16926
19382
14919
19222
13933
3996
4680
10714
12094
9852
17702
2884
16824
18832
6310
1242
11699
6943
3235
9097
10165
14065
9506
6601
4855
6667
11139
15455
5654
4993
10654
6575
18996
13637
13348
7073
4407
5161
8814
2018
6062
13139
9339
8802
11954
3886
18017
19148
18631
5691
12637
3309
3124
17224
761
10614
1876
18995
10672
5425
17558
15816
9526
4058
12380
7258
15792
15244
7878
14521
14260
16169
4202
11828
18753
12017
16759
2895
13884
13008
5007
14128
6611
9331
2041
2560
14219
17184
4802
12665
18692
9158
12858
12565
5001
11628
1815
8833
16587
3567
7133
15577
13222
7816
15976
16020
11108
15050
1928
8518
12692
8137
18839
17591
1267
13451
15200
19614
14706
7768
887
10250
13017
15151
13827
6983
1486
159
9136
6814
3537
17153
6799
18768
14813
11924
8032
14564
2098
11601
13771
15158
17418
15021
19460
19569
8930
18126
2786
19924
18766
16947
12969
12252
3337
2507
11625
7641
9136
3153
16293
14374
10130
10213
8231
6993
18279
934
15940
5463
2556
11206
7228
18847
9622
6006
15441
10141
10806
14522
10261
19812
2152
13613
3063
8345
16541
5206
18300
11908
16457
18578
5984
14508
19161
6150
1300
13600
17261
17025
10928
6858
3421
18805
11068
18028
8800
14999
6097
5021
6815
18519
5016
13931
3764
18051
9897
15969
2748
2451
6115
5122
14013
3635
3827
10273
11430
16223
13805
648
8029
11723
5289
11923
4458
5760
3086
3935
434
12331
3928
11761
18043
8400
6575
15077
15206
395
11573
1887
6147
242
1067
7159
3582
2258
12050
13226
5645
1553
14248
16317
9375
8368
15013
10850
9568
7532
10470
18850
14456
8547
15448
18551
17291
5121
17857
16775
18025
3255
13045
12613
9980
3699
954
10184
2049
2473
19777
2134
4474
17792
18774
4658
15017
9815
11101
16893
10542
3363
5269
19081
2935
5385
9265
18882
16709
82
14943
5479
11037
11022
13905
17887
17713
8808
10539
5328
14236
5665
15678
18960
9544
18703
15118
6054
10253
4664
6366
15546
5931
10945
5165
4038
6393
140
17681
4198
4229
4365
13715
19382
13966
12520
10521
4850
6126
2131
368
11592
2893
2956
9283
15584
19323
9193
12155
17795
1678
15159
13183
11780
8263
16787
3163
3501
11412
14647
4169
19262
11514
1018
16640
3087
11358
2772
17023
6513
3180
11773
19944
11224
10683
5152
1671
8184
13286
10983
2733
12841
6837
704
13933
2028
10570
14453
9304
8181
15644
12483
10845
18601
13077
10432
1134
11125
2900
10305
1509
16227
4717
7250
1737
11436
3108
12986
19410
18478
6467
4987
2225
16802
14427
15295
17965
17576
14500
2442
874
13963
12347
13725
13142
3703
14222
15341
10581
10342
16019
10893
5618
7255
13396
6698
18798
9578
170
4876
968
16058
18234
3756
2910
5468
19195
6394
12903
1133
13740
7567
9936
5564
19777
6205
5313
19115
14319
16091
12642
4959
15377
459
15767
1115
15604
12479
13683
839
4917
16440
12277
12416
15028
14231
18891
11392
12423
14767
14637
17656
17349
8860
19879
17306
5405
6374
11083
18823
19756
8425
11399
5862
16895
3023
7322
12509
8002
14532
7462
19056
4631
17117
4952
7932
5295
9022
11229
17987
18939
15874
18080
14482
4219
803
16738
5207
5773
16141
2980
9090
7026
16331
3934
1468
17931
6664
14586
8637
2035
15298
10210
9094
2084
18504
16716
11213
7605
2795
18644
5783
14486
14114
6113
13286
4160
6967
10599
425
7744
19957
10782
19175
10889
3291
16518
11830
1875
12003
11278
2100
6980
14880
19991
8922
16881
3731
15538
17648
18378
9998
7730
4520
5710
9555
2814
7749
18038
19909
18063
11711
10688
180
4795
6182
4221
16572
7696
1508
14838
5052
1837
11566
740
6343
1317
15337
13368
7467
18687
9746
1553
12314
17909
262
13076
16124
8484
1777
19890
5255
16916
16561
5952
7566
19963
16251
16909
7699
16243
824
3212
1185
19344
13117
1338
2900
10637
5164
13786
16548
18714
12747
5277
6665
2481
11308
7069
17445
10390
4262
16302
3332
10374
19987
14204
2242
4160
12657
2001
4147
17887
5570
14017
13402
5471
8466
5037
8933
14327
4524
17179
11650
5594
1206
10330
647
18082
15333
9179
11367
16130
15283
13066
538
13542
12667
5427
9260
17679
11475
2119
6074
14501
2473
12788
15125
8299
15470
13906
12876
17418
16119
5336
681
9262
10078
2389
6752
8896
8768
18093
10681
7867
9980
6913
10050
18598
10490
6567
12223
10882
7964
387
11008
116
14578
18400
17018
10843
4195
18243
1374
1753
16270
8666
15347
5390
4150
10327
14452
18119
15668
14967
10666
120
14754
13174
11604
19371
11040
16720
13936
16666
5752
13835
5937
2313
15806
3819
19373
3085
12260
14964
19549
4555
15748
12786
3424
6829
9108
18985
11104
15647
12276
6026
1197
439
14139
11063
19372
3876
6115
9644
7211
17690
1041
16077
7151
1565
12296
9266
18690
226
117
2133
8082
3401
6629
11753
16564
3287
12083
3398
7750
5924
14461
9408
13228
17881
14743
12338
13683
13439
7451
14883
1785
15044
7526
8884
5497
4238
9508
17702
14701
9114
19507
8031
16694
4049
18612
11595
16952
1277
15095
9099
11752
12204
3547
19826
3606
11274
11692
12042
6191
1593
16292
14644
5909
10906
9001
15116
5432
15071
17651
3133
19549
18395
964
9866
5732
13481
16375
9901
6439
18239
2893
6888
17377
7427
16581
16971
18392
6100
8227
11012
6472
1792
608
559
17594
11967
932
14378
14269
19002
16709
5242
858
7812
15174
14724
7240
6915
2151
16814
19605
9122
17845
2136
10666
12448
5985
18782
189
8491
17663
16130
19167
5543
10356
18906
13653
13862
1117
6093
12435
15388
6092
3524
16734
17340
321
13016
4892
14052
18968
19061
6104
5233
9755
16624
11386
15323
19792
11857
4283
2255
2379
18718
6912
11219
4731
2657
14055
8776
9906
9241
16903
11177
5940
4198
440
1240
13220
8593
4302
6389
364
17730
13340
19834
6276
11040
10495
13068
13181
18003
9844
11419
1553
7286
4553
2282
8799
772
6830
6978
1368
6369
9905
1984
9686
2148
7682
15827
928
10055
16253
16707
14084
7046
19140
15873
3154
7022
15150
5636
15764
15828
2382
9686
4465
8651
15376
16267
4641
17319
12806
5530
2769
5001
14252
262
13216
7768
14398
2215
15092
7790
3495
13047
14202
4618
12907
6933
18695
10603
11199
12213
17531
15759
14904
18323
9610
10582
18648
6864
9882
3408
4095
10542
10226
14078
8530
18716
15944
7841
13487
13871
8109
366
18083
12189
6876
5613
260
3354
7255
5932
18701
14469
14340
5889
12092
8566
4667
8921
13862
18037
14604
6664
589
10592
4878
1722
16118
10913
13279
2766
2727
13757
16345
19910
4521
13293
7109
2207
2088
2018
2972
7056
15938
11530
1102
12725
19094
10179
14798
6662
12839
11289
18378
18323
15260
15068
14577
11552
10871
5066
914
15837
17986
15487
12775
6128
11719
588
9381
10906
3881
10365
11628
10162
9342
13054
8958
942
1518
11714
11860
19925
8542
6295
14200
11061
6326
8353
3740
11463
1353
13695
15736
17756
12121
17305
2684
5964
5869
7837
18785
4023
18479
3008
19267
9618
4013
19089
7547
1361
9337
6764
12085
17565
11047
16856
19132
12754
18589
7486
6657
2651
7510
19994
9708
4678
11364
18930
12615
16170
17523
16675
2565
3919
2823
8297
15010
10744
7641
5195
16281
11619
15039
215
15308
7833
2979
493
6492
23
6480
6778
19826
3137
4611
3189
11203
887
9273
4237
167
11852
18595
2616
5420
3134
12472
13190
14149
4571
15731
2708
8360
13543
5435
2428
5636
175
11495
8026
1800
3030
19601
14953
68
11348
13423
4539
15647
11781
1730
4074
5274
11096
19317
9984
6286
3427
4205
5460
9343
5245
18114
3018
5972
4716
5441
9065
70
1653
16169
2898
10639
4559
3280
2913
11409
15695
3097
8263
782
1380
12407
11279
5407
9643
3902
5629
5665
8101
8497
1128
6132
9265
6228
15843
11023
2433
1185
14886
3796
6540
16978
13517
10836
12403
11721
8528
11608
9210
15007
8796
4159
7197
16196
2058
7293
4570
8676
5391
17345
4942
9499
3826
8529
1805
16259
16852
10862
13046
16680
4762
11837
14678
4892
19682
11253
3496
10343
16109
13803
13826
16933
16135
7618
6287
11654
14492
17650
6366
19149
19089
15348
19610
5299
3701
3674
18624
2845
13255
2428
4262
6252
16296
18220
13886
9479
12029
12263
19386
4832
9475
15443
2992
2933
18800
17507
1637
13529
4583
17533
3567
6405
4623
9420
6413
10566
14714
13323
5394
1302
18554
12216
10584
11525
13117
7347
15683
5229
17974
13555
15644
13152
6885
8807
4404
18774
4989
17047
5983
19215
940
13737
10067
436
11062
7023
3199
4367
1704
17410
12446
11701
1941
3056
5282
16749
13491
3720
16623
13724
4233
11580
10971
17748
4371
4794
12070
13264
5805
7940
5256
17186
14836
11517
8396
14177
4580
10363
19044
4183
6268
19632
10081
17895
5666
4846
17442
10281
10777
14109
18964
14711
11231
19264
11207
11880
1723
5602
10062
6257
15320
3328
595
8605
5243
1000
5350
2154
1716
5918
12515
15537
14936
16630
16205
10206
9827
16407
14747
17939
16071
12856
3382
5192
7966
7338
3733
9855
17095
10827
17443
11039
18839
5320
8942
7764
5965
13746
4898
11723
8355
10031
2121
4007
5079
5225
13939
6995
15899
3455
12289
6297
16350
12171
7675
8076
16623
5621
14217
2714
17160
7158
5692
15661
2308
12108
12082
8931
13151
11981
12666
6037
7377
14281
12800
17841
14819
3174
7930
14530
19609
6951
14048
17442
14214
6874
12304
14902
14078
11059
15546
5939
4121
7315
5855
5252
14453
1990
2419
17699
214
16170
16304
16468
10977
12725
13711
13138
13989
877
1336
12641
5385
14621
15300
16195
9173
996
1035
17675
4664
18025
767
5620
9769
5585
16507
3744
3435
1407
12053
2881
8258
5962
19973
3163
19648
9103
2097
7926
2469
11626
6954
10313
9107
13099
3034
16365
13358
19824
12766
18057
12609
2956
2400
3624
13145
9101
7278
14565
2182
10694
11880
18639
18582
3572
2331
14417
8861
7397
8898
15053
4956
11330
2150
9321
14871
13936
558
445
3557
5193
3846
16792
6927
3162
8817
12198
15347
3624
6077
627
10488
5276
12465
5373
7498
15853
4629
12809
5818
19900
6691
4730
9162
1914
4317
9763
9919
7143
17560
7122
17330
3284
3826
5421
16176
828
13299
14948
18833
2425
2546
1806
13095
10603
175
17709
1583
10889
15885
2415
15766
15475
1577
15683
1973
11769
8582
456
17539
689
15721
1105
7672
9668
16720
18054
18574
2117
11083
811
12236
12027
5498
9664
1144
3692
11646
14860
15079
8906
11332
21
7661
15062
870
19308
3998
6556
3005
10707
8224
14517
17159
785
4438
10036
12159
5983
5740
6702
9946
15636
5201
18017
7541
12049
2387
102
10088
7441
12618
19351
3315
4626
11597
13379
6679
1072
14982
18259
12215
3380
2509
7474
3530
5440
6210
897
4502
15042
16550
727
10875
19102
17915
13557
2731
231
16125
15432
1
10290
738
5434
13815
2732
2986
9555
7398
19978
919
6135
4435
4866
18533
14359
15821
9605
19141
8785
19274
9737
3012
7668
15736
13381
15509
14632
8942
5393
17111
17644
15825
12891
3389
17641
5724
301
11537
13945
18165
8563
16133
147
3776
15021
16321
3007
3306
4829
15510
2315
12051
16669
9305
18820
11204
10513
188
5507
2797
12088
4117
5497
11366
6703
3617
15007
6758
12497
8060
18496
14228
15664
4696
17371
2330
11138
7433
2181
1883
15004
10407
16948
1699
18396
15068
17722
4223
542
13314
13021
13221
17179
6231
10865
5855
9978
8267
19795
14802
18389
2246
13643
10812
7673
3643
18158
8303
19877
3249
3559
8409
4991
12594
18233
9891
2433
12675
1108
5138
11763
4572
789
11945
4119
620
1747
12666
11289
15326
6563
2855
12802
12970
11045
2767
19478
2834
10725
2599
12293
11183
11215
5855
13192
15259
2394
17529
18509
14179
3885
6503
4862
19452
9856
17502
18858
2756
13677
6136
18775
15283
16442
6133
15144
13618
13998
2822
9462
16939
895
8859
8270
7073
15290
16241
3162
3126
13484
19085
12878
14647
9445
2071
9686
11962
6768
16580
16513
8638
15092
1527
1198
6980
11948
5771
6881
17939
16728
12375
13200
1649
6762
11610
4540
14883
18073
14475
12366
2538
3932
9266
12756
18091
14096
5462
1014
1432
19417
19784
10825
2325
6204
5205
3923
14885
18962
1822
15336
18517
6907
17103
16348
16336
6692
9620
14179
2975
17171
1032
5943
965
19063
16505
1540
14910
3461
15280
8212
18877
17345
8734
12387
8269
12410
12993
13844
17283
14487
16816
3239
9986
8633
4058
7636
5883
10625
7387
2774
6483
4471
1053
11309
14973
1584
18671
565
7851
8679
10423
2947
18396
4310
4118
18550
18274
4740
2190
8735
18606
6627
9484
4537
8917
17811
405
790
7913
10487
2704
18349
3285
1538
9627
19653
12112
8613
10196
17487
10690
15597
3817
11797
6035
10250
7543
7360
19172
19186
816
5941
13078
2724
4364
743
5740
7729
19442
5505
15921
5541
5661
11037
8188
15004
6133
18092
13778
4899
9047
7758
3661
12864
13818
15145
12207
26
14651
15812
13111
19545
10931
9060
7223
5428
18123
10148
5544
9974
7304
12271
13699
11725
5652
15272
6426
18876
11127
8533
9976
6857
6332
9096
1985
1115
13267
11836
18253
6270
22
12662
14872
13657
7599
8351
1737
5927
949
12072
283
5161
8542
7807
19992
10714
15087
9208
15728
5147
6580
19465
19420
10172
8594
867
319
5242
7317
1371
50
15347
6589
697
1521
3350
5397
16710
17254
8096
8698
12831
14265
9452
3433
17641
14030
15571
13082
8275
2115
17626
2771
15145
12707
16793
16513
5268
2380
17185
8404
2837
2777
10650
8933
18879
1840
18072
151
19625
13216
7784
10040
2967
6983
8326
1221
1388
14253
13166
6425
3147
1138
956
15030
3580
18557
2451
18083
3462
19459
6753
15735
5761
13687
10816
11959
8221
14591
11510
9129
16242
11220
14973
5196
12938
9346
9186
3685
8228
7913
412
6247
16769
9950
9234
14885
9822
18774
13479
18854
17874
12557
17338
7715
8682
10827
2756
18024
1414
2148
2844
17251
2249
17126
7701
7594
879
15781
14864
3243
8878
9792
10166
6806
18249
905
4628
3745
12394
13875
11831
9589
18527
9958
13422
11967
17691
704
1313
923
16299
8006
3706
14951
8618
4881
6824
19011
16549
983
17594
14260
13520
3344
3781
16101
15126
369
11122
15289
13161
9136
2013
4308
4204
19617
10984
7931
1909
12341
10767
12935
16089
18080
8182
12237
4591
333
12584
2086
14298
6600
193
7198
17911
8873
1776
6255
18991
5535
13491
2790
3041
14054
17285
9124
4336
2885
13852
18935
18666
8892
10940
3492
15796
16175
12428
16888
16790
123
16223
19322
19843
9162
4703
1922
8430
165
18526
14381
3787
17850
14771
19060
3095
1666
19626
10555
13995
18524
8894
840
11689
19343
16997
16767
19272
17135
17487
1531
3446
14394
6406
5546
1452
12204
13979
14084
8686
10502
3685
7347
1327
3455
575
17635
7840
14047
10058
1949
7888
5406
1828
8374
8916
5905
6684
18386
19210
5092
17349
15454
1497
8637
15647
4144
17237
13961
18692
19495
2651
804
5782
12586
8081
712
13103
12194
6382
17092
4042
4424
6540
14654
11472
16597
10974
10476
18719
6451
10297
11061
17784
4310
19647
2355
2381
8081
13137
9510
19284
14170
10827
6638
553
15086
2108
19086
18052
17221
18311
5698
11737
3124
15078
1547
4430
5459
2024
2274
16058
17384
5786
7866
3746
19131
9216
4754
7165
5351
17835
6262
18945
9295
14532
5843
9950
7202
9360
14870
11607
15634
3235
3369
11830
1096
10115
11637
13643
5103
9670
17428
19407
16049
9262
5763
2680
2867
3127
2778
9072
8351
11114
2356
13760
11845
4357
6977
6470
14573
16205
4950
13707
10838
19875
1335
6120
5593
11850
8076
1302
9652
4421
18430
11720
15317
11804
11572
16950
13247
19073
7809
12622
19349
1541
10850
12304
9692
7221
3082
1073
12805
5572
11647
17822
8916
18157
4586
7067
9248
4581
4794
7681
17334
4128
11975
4160
13859
19573
8744
15574
2221
2308
8911
19918
17205
9128
15060
510
18059
8486
15742
170
6820
14971
2997
3428
9445
2223
4505
2673
3417
6590
7389
1633
6272
12572
12177
10628
16235
18184
729
12140
13815
9683
16254
6356
11345
494
6922
14566
16677
11922
7091
18786
7882
6554
8623
2994
12769
17671
19833
6502
16469
9711
16159
17019
5897
9395
7723
1389
2095
13745
18478
746
16521
15667
7043
14392
6347
15995
6381
7317
1523
10984
9655
995
2981
344
6989
12445
13207
15544
16220
7866
2032
3591
17590
19988
18136
3247
8976
2617
2634
14611
8028
7755
5577
7525
10309
9251
1298
3974
17393
7591
8831
19347
12667
1289
8264
16571
2847
12816
350
5372
10199
8777
13619
8033
18980
4048
3804
19450
5250
14463
18626
13049
19949
2072
4389
6545
9949
6825
9555
2298
3666
14061
1249
19491
19495
11382
2478
14600
14781
1912
17588
6277
14671
1131
7073
12643
11917
6537
9517
18625
4129
11566
460
13935
12502
17563
7449
12763
19182
6295
2761
18640
12831
1344
2616
12648
15600
9307
4366
10240
14207
18797
3590
15520
16648
8793
19796
7573
14763
11514
19943
10100
8180
13071
1897
7424
6404
5661
16484
16925
15998
877
12091
6591
12161
4908
726
15737
11926
8836
11474
15099
244
19879
9672
7556
12767
10052
14771
12711
12198
10327
12081
17136
5947
19795
8979
2857
12350
258
15681
10811
2504
6461
11352
5681
2378
19472
5942
18971
19870
5078
463
8741
6112
6200
2319
3545
5786
14143
19734
8341
9931
9346
15088
14156
2525
18749
2135
15299
16495
16246
6084
8331
19396
11857
17086
2410
16716
10271
1213
9316
17677
4874
15767
914
12363
4641
14123
19690
3437
12413
4921
7739
17251
12562
4707
17324
11022
13106
1859
5181
119
10064
13129
8728
1428
14558
9568
10961
3575
15779
4731
9761
18953
7566
16748
6931
15399
5916
19401
18607
9515
18419
525
11344
2628
1440
2979
11338
4115
1332
8697
16689
8099
17804
17542
4000
720
10454
12982
9586
17794
2919
8397
11289
10226
17669
17946
17804
4649
14338
12591
4902
4935
2563
16798
13325
3703
5492
17530
10969
617
5453
4225
2578
1755
6422
18080
19821
14830
19238
19691
5611
19728
1104
5285
2955
18067
1509
16813
12333
17598
9190
1823
15950
14179
10234
1302
17634
14300
15931
11174
16029
13328
5340
5000
664
13947
6707
5572
13082
7092
18436
799
18368
15263
6987
12464
1891
9608
12332
4771
19762
8530
2639
670
13978
5783
17131
12497
7986
14293
9998
15089
16564
19367
16130
4875
12124
7720
11219
14619
18451
19390
18390
6740
18878
14687
17280
15356
1576
4898
19206
4918
16568
7533
4921
6678
12670
13799
12401
568
18944
13374
16836
17471
6006
3107
16987
10009
7116
11488
17061
6699
18307
19368
15025
8824
467
9908
5866
2182
3010
17952
8208
18830
629
5764
9460
4467
6357
11169
1729
12819
1308
16862
14885
19775
2696
6802
10338
16201
17419
16812
1707
381
6939
18480
2210
14955
8883
17330
12702
581
2913
14289
7543
8285
3930
10774
10660
18539
8725
17998
2117
11492
2349
8581
15444
17339
6683
4578
15776
1933
2543
4960
11824
13026
19900
18254
3573
19892
15621
3994
16290
17649
7517
1853
8057
8392
13559
2085
2597
10104
10098
13898
4490
3319
17995
5200
12845
3068
9380
17820
5953
2310
8857
14266
8438
9133
8138
19826
5276
13351
5381
11787
7667
19078
13833
18497
8677
10400
3190
6068
14381
9507
10804
12816
9146
18545
1414
12894
6919
14626
3576
5872
11663
918
3322
7487
16404
17341
10415
14673
12725
19166
2263
16827
18008
10213
11610
1947
6927
17430
13908
3617
12018
12636
13473
15242
4271
9085
7250
18760
3634
625
1483
12213
17471
8335
9721
11038
12419
5244
16182
5907
12677
12745
14708
14967
12504
5912
18665
5476
6437
1785
10606
10065
4820
4878
18599
10798
9724
2917
4333
17752
8198
3516
18705
6827
5530
11326
934
13508
14578
13637
3710
13960
14360
19288
1591
17539
18122
3675
14765
2628
7251
2097
18154
10800
9240
19652
16880
17590
3042
5310
6049
6524
4295
6318
17741
6799
11879
7502
15099
9243
9955
17856
11857
9234
5566
2344
13367
11735
2012
15948
2263
12599
16905
17727
7142
5690
11538
7269
9115
12672
13885
11229
19073
19204
5662
14828
11045
19373
5142
13234
17375
19543
3849
8246
5802
18753
11266
3626
12469
6025
14620
16495
3
14098
17753
12480
7583
18880
16802
4514
3409
8830
5708
15388
13008
7163
1579
15372
1581
14827
1694
823
6974
19661
5198
1184
15014
19536
4499
7643
705
17287
16795
19629
15134
15114
4658
7452
16256
11461
2837
3241
15070
5440
15609
4714
10990
13457
19583
14317
4988
3168
10083
18405
9026
3556
2566
12195
19274
19019
14526
6528
11600
1555
9401
12171
5917
4495
5779
4163
8673
18009
9918
7017
17359
12644
10859
3232
14127
8671
9402
13310
17688
12057
5887
570
16267
8069
3411
19909
420
10089
7113
14935
4114
622
3476
4988
7579
15788
4275
40
117
12818
16296
16635
9493
2794
5531
2530
3745
14844
8283
12460
4580
16668
11506
17894
15461
19215
19303
6046
13623
13100
8975
14974
3001
14379
18650
15094
19497
8264
12755
15408
11710
14135
18911
9223
16601
14554
12350
13502
9273
19260
10894
9593
9035
18493
6470
6018
2064
2413
1940
10094
14024
1465
3067
9971
19968
4387
16239
38
8570
2694
5359
19999
731
9616
13116
3469
8166
2712
15348
11456
11711
10
4659
9270
11908
4553
16246
18685
5057
12588
9403
1596
6557
15600
13553
8790
755
735
14998
9557
2370
19
17237
1331
2802
8379
11548
10327
16025
1392
3299
12638
3027
9099
12755
17858
14280
6531
8025
3419
16657
16391
5931
7037
170
15675
9312
17660
5861
5213
11790
18955
16469
10317
581
17076
11289
1775
10521
12960
7394
14341
14323
956
666
19563
16704
18634
6709
13202
16387
14738
18111
17198
278
9576
19886
9832
5859
4244
8028
17310
14642
8138
3407
19577
17689
11489
303
8419
7114
19952
4773
9919
19270
9384
5283
14367
14597
5866
8577
7510
19815
1177
2341
4865
16579
12179
2931
1555
2326
19385
7158
3568
11404
16564
4838
19810
5630
1917
3666
9959
12474
683
13638
18521
8248
19465
8394
12452
5261
4805
15376
2952
12043
8457
18045
8907
9695
18182
7629
17552
15797
7134
12382
17637
16508
3678
10037
10781
17237
13888
6846
16713
7224
19980
3244
11659
15451
4422
9091
3558
16857
2778
15217
19194
11424
5230
19733
7786
2472
3333
17790
16292
6324
19106
816
15892
17765
11966
12758
15226
1479
6953
10834
4943
3905
12443
11789
14864
11142
5505
13295
19459
5954
8338
19313
1326
494
19337
17219
325
13252
2285
14774
17291
16508
1235
16902
10486
11204
18026
14303
16446
16181
7707
12207
5162
725
10662
14033
2594
19009
16966
8241
19624
13197
12100
11739
6705
8974
16382
9005
1575
10024
5921
16793
10726
586
16463
11984
12485
6545
3126
13585
7010
17215
11851
19199
15061
13530
9615
8004
11377
4407
8546
15327
16192
12159
7163
12357
7493
5075
1605
924
18238
4068
9045
8020
18767
17518
2176
14844
18699
17437
8706
2208
19845
3727
6501
6918
12390
9665
12863
18707
16068
7545
8750
7730
1875
11326
6396
9264
3967
1481
7368
1647
15724
8592
11422
8454
8099
2978
7543
2653
11926
2813
16298
19687
13328
19709
18423
6395
9740
3190
2923
19983
4372
634
18757
4223
4925
7011
4910
10580
15942
5101
969
17238
17251
786
13540
11301
17805
6670
10694
4574
7895
5575
585
5594
13445
14673
8477
12416
10379
11947
14141
7001
15621
4650
6795
3268
3556
7573
6968
1085
15015
13580
2880
5726
19460
11996
14628
11800
14040
14829
11893
14320
16697
7223
2016
12821
15886
13129
6234
17453
13164
1395
3269
17023
9930
19576
2637
7481
18867
18745
7597
18574
13894
11947
19814
12486
2013
19386
15179
3511
12269
6211
13232
16755
4205
11545
13334
3570
1196
17525
8076
11836
18654
7246
2482
5418
14127
4311
11241
9236
59
3067
15678
15118
6821
2374
15930
3838
642
8722
9448
15066
11438
12733
2246
3166
2467
8534
15229
19818
12986
11281
4106
5469
1727
3588
13175
5951
11351
15257
2838
19400
10369
9903
5049
19057
403
8457
3133
15921
16524
5779
4140
18566
4007
16378
6897
8269
7501
4441
4187
3165
16136
17628
17622
8868
15919
11796
8538
13339
19145
10190
8206
11541
13579
9590
18752
2467
2356
4112
14874
18501
15527
1436
11474
13262
14380
19097
1578
9334
15374
13705
6846
10195
6731
7370
12249
7331
2575
169
12136
19511
5621
18509
3505
7829
15307
8365
18564
19884
10281
5006
1969
13203
3055
212
5892
1307
7683
7803
15644
9972
13241
2244
3773
876
11460
1506
17507
4233
17109
10175
9412
5094
7722
19596
19387
777
5659
9673
965
4422
2620
14520
10971
9086
6083
13700
3853
19806
17207
7139
14833
6283
5512
13172
18742
9887
19255
3123
16351
885
11482
13472
12860
12519
4656
1522
14927
11590
9331
13055
4042
18462
18010
9233
1577
17711
10720
1708
6304
19145
4736
9275
5488
12378
10891
2878
5375
8879
7121
16796
7508
18560
9564
7111
7655
2748
12921
11355
14186
11150
13626
4060
456
19313
19618
15690
9797
14389
7337
5395
17152
16905
1825
12612
701
15821
19994
18312
13845
12827
15163
13090
1884
15596
1492
708
1930
14329
4625
16296
13423
7423
1257
18990
7549
851
4220
5972
6216
12930
1051
1090
9800
15950
2921
8648
18263
18076
7252
18278
8731
2252
16717
12730
19001
13039
10874
6669
15217
8979
3774
14819
4255
12298
740
1452
9966
5336
2778
5609
18125
2815
3016
12267
10176
13171
6101
18674
6957
16220
9667
11681
9371
5259
10449
5314
14050
12316
581
19364
11600
4079
19220
3759
5031
17910
36
6585
9908
2633
5663
8422
7474
3703
1937
7306
9599
18751
16732
4079
13617
6867
695
10755
16350
6070
10141
10926
14816
9471
5026
6757
9834
18716
2441
5921
3094
841
16403
3557
15085
17408
5723
14712
11945
4986
12441
3065
4485
16776
3489
733
18261
11618
7417
18837
11339
5423
5271
2180
7265
8875
18799
16468
11759
2669
14561
13484
16350
9878
14290
18232
11155
15775
3543
15804
17106
10038
13846
19469
1920
13589
18155
2341
10875
9917
11398
10033
18450
7918
7468
3616
8798
5896
8517
14889
9426
15674
5678
1499
13879
14365
16006
15752
19956
5667
11263
11035
16343
10883
10482
11500
5271
9523
15633
1808
12234
4532
5610
7916
6775
9333
802
16629
12870
1700
7373
11948
4477
12318
2556
19356
10429
10828
14181
12443
16381
18349
13319
16417
12545
9600
2303
15250
19303
5124
4081
11828
732
9211
17066
1567
16526
13802
1786
2451
12005
19994
5433
18705
1501
6700
9545
14549
2593
4177
8096
2642
6000
16057
19013
5920
3768
15048
18893
697
4947
19506
13521
1650
9442
471
1616
18403
17287
1551
4253
16574
12735
1730
15925
15891
17348
14084
6498
18700
4875
17816
17301
2259
16831
15404
11358
16126
16442
11130
19422
7658
9567
17940
1597
766
18155
11178
13004
10553
15878
3282
211
17313
650
7605
547
10461
12090
6697
5395
10195
11557
9473
12828
7724
15800
14124
4857
924
4818
19147
11883
7140
9472
13462
11109
6023
6949
7697
8773
7650
1231
11980
14952
6399
1757
689
17862
7375
18042
2010
3848
17507
18826
19523
16152
1813
13595
10437
8466
14103
4511
15865
2535
343
8956
17282
2634
13096
12450
17819
231
10115
2755
2939
2886
228
4306
3223
3008
3468
19823
8866
6504
15800
2158
9095
18984
2913
9038
3723
11370
12056
7068
6729
7026
11975
7910
12633
524
13247
690
15098
4366
3038
6166
9208
18059
6206
550
12559
5569
11464
11732
3795
5739
13798
7497
5088
14363
453
9376
17475
5276
5057
8426
16283
6368
479
14034
2387
11857
17386
17183
10002
5125
4457
4222
12685
15741
9238
15872
3746
12856
8501
18423
10165
1339
3949
8719
10465
537
16924
6231
10367
12482
5592
6991
467
4251
7881
13201
10486
851
13681
11617
19530
17537
10919
2030
1117
9220
16305
4323
6114
9932
11152
593
18361
17808
8760
8403
16525
16038
6537
18700
3877
14709
7065
18734
7004
1233
9824
7741
18877
15020
18790
15770
17633
9835
9773
5841
6913
10760
19018
9066
13780
1625
15557
1031
15230
19847
6710
14333
4955
11293
13564
10088
445
18468
12648
14832
12076
13980
10654
8061
3936
8591
9678
10866
8971
8481
6676
15135
19520
15296
16824
17709
3259
4926
7561
4999
19863
17572
1956
5435
14454
15288
12001
14346
14887
5512
7374
5868
3975
8710
13199
19955
13109
7701
16408
18239
18340
458
18069
14814
398
8718
12503
11193
382
12924
7761
2983
11664
6025
11475
15342
10318
14875
17014
9993
16373
4389
8053
11806
17097
5997
9457
1563
6118
7030
15896
3539
3179
17651
13627
15035
9769
7662
4663
1825
7239
751
18911
7999
6796
11667
15736
1117
10311
2744
16092
2281
491
4037
21
6486
6807
11601
14954
8400
13408
10095
4518
16524
4268
9629
5692
18853
15543
18520
11230
7988
4226
7362
153
18005
160
11668
6024
798
8743
18456
3877
14422
14547
9192
18786
19374
16541
1617
2241
10805
14448
11406
9662
6082
17225
19618
8666
2631
16122
13938
10011
14670
9500
12232
19664
13178
2481
16604
6501
7661
13158
5347
14618
14293
6629
8145
15517
15135
1886
15942
4213
2749
16917
9026
10022
7989
2125
8548
17168
15109
4455
11668
11538
15474
7810
12209
6509
686
3733
4482
8623
18026
11043
5087
14137
12519
4532
4474
10925
16802
7415
10161
15336
11223
5631
908
11928
5306
3430
6596
5754
11907
1399
3782
7352
6780
18395
10282
4726
19149
48
464
12705
12267
3089
14241
15045
14975
8874
15799
9425
16203
9502
9136
5913
12733
4802
2115
16190
19234
9369
1320
12690
7632
10362
592
1348
9567
12820
19775
5315
2359
13630
348
17190
14603
10667
17185
3455
8223
1607
2426
5069
17299
10438
14542
16201
3213
5354
7576
19576
6316
12145
6680
19527
4716
8030
12803
4179
19285
3702
9364
5639
2837
3461
16735
9935
744
19872
8487
13166
6790
19278
9862
2917
11356
2575
4103
587
8199
15598
19322
14771
2839
19080
10554
12075
19948
5719
6058
13769
9231
4192
8250
4149
13753
7990
15642
10312
10151
15899
12443
13641
9465
17773
3771
18947
5246
8169
16024
8216
4898
11113
12231
5141
4653
3567
3201
9210
2991
17764
3596
11470
1910
2802
13550
14013
10288
8266
12276
11096
6321
106
7820
19005
2795
16495
13456
18805
10948
17559
16898
17567
441
12755
14905
5931
17090
4514
8899
8786
17516
19922
13851
7183
2135
4958
11435
6865
3826
223
7692
12918
17700
17942
11772
19126
3873
4405
16962
1171
2128
1098
12183
2724
6688
3497
9266
2783
646
3666
7394
2371
10098
9088
407
16441
14267
274
13810
1527
11336
7007
11743
18863
9909
5463
7109
4126
12536
14038
5846
6145
15830
12958
18462
11201
7487
13246
8673
16027
7979
19009
16559
18575
1250
2363
1010
12412
17328
11444
9520
17743
19380
7474
7318
4585
8560
776
3930
712
8716
527
10439
4173
8134
10736
16990
12213
1414
19893
560
5677
5065
16177
6045
19627
12122
8843
5858
13172
7750
19607
13688
15779
8181
2268
2703
17885
16016
13231
19714
5452
2453
1193
7784
11964
13538
19385
16807
13400
8102
14342
1953
5652
4898
2785
4072
19205
13879
5435
5751
6818
12982
14030
15626
8853
1061
13337
1201
5300
7201
2168
1591
15807
9497
77
8336
16903
12696
7946
8034
8815
17182
4312
6734
14050
4128
18956
12913
6256
13382
11757
7011
378
4705
1668
4241
9155
12758
11623
9831
8021
11925
16037
4483
5358
5943
242
17946
10347
16597
664
14799
12859
1168
7637
14679
10395
14014
659
15731
19987
18767
14106
13189
10873
10379
17924
6394
5427
18413
5322
5434
7406
5918
9118
15664
12513
3371
13885
7760
12443
2162
12251
18816
9112
16276
709
922
19850
12117
7392
6664
1964
10567
736
7552
1342
286
12383
8814
2163
8629
10428
17781
811
11711
721
13215
18514
10875
11768
9032
12435
13750
1532
14281
16482
19555
12102
13144
6784
16230
11732
13976
3659
3685
13613
2408
3635
8979
3652
18331
10018
11750
16877
8166
1560
10452
16523
424
11932
7811
6476
8649
2558
5987
5513
1273
1463
13585
9997
16330
13573
10111
19615
15186
7902
16380
13462
6172
14598
8914
16712
12322
16504
14431
10878
9485
9253
13863
4728
567
14874
7365
4708
13365
13995
2551
16799
16128
16828
4081
19642
5508
4396
3264
13268
4115
19649
8940
13841
11314
14904
7863
13569
2517
5742
10318
12127
12066
12071
8510
14240
2060
4975
1169
17416
18793
11011
7372
9828
16857
10768
2824
17564
10641
15420
8759
19019
7774
4233
10848
10785
4053
15862
650
18120
18692
6106
5707
11824
6255
5757
14678
16166
16483
16279
2191
6772
1969
19029
6544
9356
13913
456
9097
1596
9557
7877
10017
2386
17762
13740
7017
2354
12118
19972
4537
11585
8038
4337
5820
9423
14879
17251
8032
13182
18824
13675
14089
7360
19672
5540
12158
10913
12469
12143
5443
16617
11671
14422
15753
1075
8720
3952
618
17761
5191
16285
1228
12404
6084
9687
13234
9266
1888
12747
16745
950
1485
8354
3446
19754
1504
16713
5516
16842
11094
3023
5255
13979
7943
14373
2109
7979
3131
1684
12799
14840
19570
16058
8378
14148
71
3268
6451
19778
18948
424
4502
6561
4544
3676
11211
11682
2791
216
2502
9545
18606
17914
4046
9888
14266
4468
2223
4430
4543
7255
9144
1196
4191
19840
4020
5906
10348
12271
16023
6970
19953
12146
11629
7193
7495
16119
12011
3301
18080
13597
6398
1813
15918
18970
1035
6629
2831
2873
10967
11
15364
19952
9683
16108
9233
16050
3125
12485
9516
13398
6105
9801
6158
450
4338
9588
16048
1229
8801
11632
8366
18753
14854
4403
599
1603
14234
10993
18701
11928
2165
4233
6072
18837
18891
10647
18345
176
3122
15712
6392
4255
13547
6879
14502
6724
18806
19205
7876
4769
12014
4129
10783
9267
17621
13632
13715
3153
9974
10905
12495
12203
9300
6523
9570
3460
12306
9879
19565
2828
15305
3171
6263
5295
7564
9955
15621
70
5558
6519
14639
441
13249
19147
6768
12574
14917
17998
5779
8748
12606
3858
13394
2921
19939
16012
13576
15901
15787
16982
5716
6543
2390
17926
2472
9737
12806
16921
10929
19621
13634
19270
12042
1778
18288
7197
18491
11921
897
12286
4766
2227
15660
5261
11810
13884
9028
7192
18012
6497
14931
6849
12720
15610
446
16276
2454
816
5713
12163
9047
5573
10493
13365
15613
10303
2935
932
7888
12987
8533
19047
3953
2310
19049
1249
6124
18733
7764
5380
19958
17841
6716
6897
15217
17860
15419
5226
18176
6606
11977
12002
5291
443
33
1939
6160
2122
15988
13594
11018
8194
8423
5243
11777
7054
8363
17754
11967
5079
4403
8281
19729
6858
16527
17394
4594
16176
10989
3541
19511
4477
10035
10758
2734
9908
13624
13127
846
17294
13441
12840
6477
3209
8305
11405
1580
4778
2874
10160
2018
6527
36
1856
11275
15918
12873
6298
11998
14540
14992
15139
17853
8778
174
9870
3119
7372
3691
2463
374
1920
12671
9196
17598
4324
9974
15087
14792
6885
15309
14464
8401
2736
15019
19807
16026
19326
18927
775
12463
232
632
18292
8690
8288
18241
11210
5123
15740
1082
6895
17778
13136
11976
19814
19259
6388
7792
5109
22
2366
10671
14683
7053
15194
4253
9330
19103
17021
5994
13745
13524
15412
2108
3286
10168
10653
3148
9768
19117
5279
2662
1643
14495
12485
17450
9721
2736
11068
19209
10997
12520
2738
7099
7220
4118
14322
10415
6449
5685
10339
11732
12865
14585
9194
18509
18409
13816
6817
6594
19682
4814
8204
9188
6744
15953
1750
6338
1497
11811
11060
14901
17066
14868
13766
2702
13853
8589
4576
19773
13261
6998
7297
15266
8884
17268
19253
11932
16210
6639
12001
10466
6675
1804
9966
3587
8717
5260
1713
16348
13578
5547
6356
8456
9271
18243
18985
10947
18658
14058
8293
2260
6607
16628
972
4583
1407
14238
18479
2375
697
14504
12563
87
18616
951
12423
14685
16576
13403
19176
18887
15454
7558
13394
9324
7545
11316
292
16155
17775
4089
18198
18073
16017
13881
12073
14738
19590
17668
7956
13278
8248
5694
677
10214
1741
11105
744
4302
13406
10975
6479
14007
3510
15616
649
17824
12490
2038
9413
4306
8035
18261
9109
10878
15746
11288
12389
11386
16980
9063
62
14127
529
3319
12779
9920
16323
289
15389
10374
808
8508
16443
1973
14665
5155
11196
14342
6800
6914
10241
5980
4859
7092
14899
16526
7167
2595
10888
11339
18001
7090
5658
10445
11605
3990
6083
18827
14172
17398
2418
862
7285
15643
2041
14005
14151
3720
1661
3970
10405
9529
11060
8177
6270
18220
7280
17513
14827
923
8062
17315
6991
9232
16583
15045
2363
1239
1994
2215
16932
1668
962
14073
8336
15597
4723
4329
3507
17033
3700
6839
17216
15630
4011
19032
19744
10803
18283
4534
4855
18715
10312
10005
2327
8682
15535
1910
15786
19913
10270
8234
11443
19033
12186
10441
14737
917
15995
2479
4786
10182
18689
18271
14238
6191
11305
15791
7872
5444
18395
3501
13289
2172
15887
14048
12351
5523
18528
3546
6003
5308
12147
1322
17838
10436
8522
1663
10542
398
6447
12069
12033
19975
16334
2185
18443
13646
3633
10455
5272
6342
14924
9823
11591
312
7009
2975
17830
6598
13527
8880
5423
10312
3206
1409
1148
17749
8412
5068
2768
12237
10727
5485
9197
2990
10923
17752
1433
11409
4993
12195
10897
16961
17506
19161
9714
6916
7008
19982
16416
11482
8672
8342
1908
221
14950
16835
11330
2457
14890
3202
16000
12459
6309
10996
19124
5541
19894
7148
4730
5877
10083
1792
11468
7026
17939
19813
5621
8572
11426
1181
5264
12637
17518
1382
19396
13045
10756
56
3785
19007
19428
5960
6843
961
17980
1450
48
14204
6750
11061
6789
10832
291
17980
5685
7848
17887
12342
17452
10049
2700
13264
5401
864
15003
12339
14507
14766
3010
19306
19230
6772
7875
3370
11348
18027
402
17362
1250
973
1772
9459
15152
9104
8337
7117
18848
8359
5350
11364
19295
2586
2793
10125
387
17643
6495
2477
118
11005
803
16049
18126
2988
2328
18754
10506
7962
12576
8814
17023
10037
5329
391
14702
11568
15772
11398
5023
2216
8789
3882
6868
3911
17860
7775
6868
8623
8222
11897
3185
13137
5147
7624
14011
19655
8136
13780
13086
3487
1916
13461
18796
15348
19769
6642
12445
1191
2226
9814
10239
10808
12405
7158
17899
11336
5360
8333
18485
12615
18928
16272
14951
14032
16121
11296
12633
15418
6357
16575
16361
14068
1922
6346
128
19474
16321
8835
7510
10014
12756
14646
223
15185
10693
10594
2812
3841
11333
2939
9697
19921
14998
12513
18050
13698
12715
16152
4019
17546
14384
6747
14674
8831
180
19178
19828
19964
17278
16004
16060
4691
11560
13296
11519
14038
17345
10431
2703
7341
12125
3255
13464
7513
5639
10725
16081
3579
1886
7063
9613
3972
17262
4740
13356
2502
17470
17088
19781
454
14918
4996
7450
15067
17122
12522
9705
10748
19735
3596
4071
3373
7590
2693
19718
15102
10026
5109
11549
5617
7430
16918
11324
7634
4359
12164
5914
821
15215
19609
4558
8635
8721
444
11151
15286
3817
4714
2205
12506
19371
5217
13306
19550
10628
10748
9758
3642
7063
11261
8166
7155
16229
3584
1340
5852
9923
15425
6214
6514
13713
7777
18150
11256
4998
3313
9273
9894
17640
12850
16438
19850
9043
6262
12617
19909
14805
13719
18680
1863
13254
11117
9721
11882
3456
16808
5838
19070
12069
12617
6479
2292
821
8457
10111
19854
18869
8410
12228
2380
16633
18643
375
13179
7207
7510
15131
2917
2101
11999
18269
13781
16691
2889
8071
13865
9243
9519
17996
19840
15407
5271
8763
13802
1300
8288
14664
9753
4662
836
7989
6835
19072
17859
11378
1332
18283
5366
5890
13079
5752
13114
18925
13225
15395
7045
760
10226
13802
2068
16070
776
13218
14128
7054
18965
2688
8431
5445
8561
16364
7410
9558
7536
1609
1507
4183
12916
3234
16954
6349
3947
6600
15737
16772
14839
4236
1558
7201
19023
7104
18667
11791
18311
10624
16495
14260
328
18906
12951
4746
4905
5670
7589
4813
6986
262
5950
1226
4239
4187
15696
15380
16249
19394
11328
18413
9851
8276
7192
19819
13601
15014
3231
7007
3745
5956
7865
16529
1432
15818
14085
18906
8647
16875
17486
8273
17373
17582
17680
862
7220
8736
13429
1165
5176
1869
14521
7407
18537
6082
4477
18707
17785
9339
19525
14471
11557
7478
5000
5593
15651
12415
18446
9905
12773
18764
11612
12899
15104
10820
1803
7632
12731
19201
15890
13832
18888
4029
19720
10428
16163
14173
8750
8983
7749
11626
19009
4410
17263
4366
16036
4367
7486
14881
15312
13032
15047
1724
12468
11525
15549
6553
3619
948
13943
18890
2664
6557
4746
17111
11197
12927
8921
10315
6774
14641
11790
14354
17230
3983
11405
11184
15619
10765
18127
16939
10692
19834
1726
3578
2438
16248
8759
18731
1456
10507
2125
3315
2046
7222
10335
19592
4405
5972
6008
13268
9470
8660
8701
7932
7574
17798
11585
8177
708
9063
13420
10503
1583
19615
15692
9904
984
7373
5072
12427
15901
18454
19641
12838
6127
11326
7019
7659
15955
3591
19247
2083
15678
4904
2234
440
12277
8465
8796
16374
15438
14704
921
1507
19151
19790
4946
8052
3642
18022
5979
3447
18654
19134
2027
3158
18924
17172
9634
16911
5084
10958
19187
13857
15148
6221
18036
3861
14669
6252
18160
10276
4988
19118
10933
19021
2047
9981
12523
5085
8844
5495
8996
13082
17243
4265
18587
9000
5006
15654
798
11575
10521
6046
156
2820
12334
1748
8580
13866
9322
6000
14944
329
9122
3809
871
6302
6194
15307
19985
7607
14437
2944
2200
9931
14959
2400
4122
3119
19669
4101
15900
10865
15438
8623
9690
7433
6837
771
18550
10653
9486
18013
7017
2411
15129
19688
7436
18174
17529
4417
8714
7738
11792
9216
1188
8028
5671
1413
14547
6151
18257
546
8471
18008
15871
2690
19004
16096
2899
10873
178
7312
8668
10874
1623
3119
12470
11931
2332
7818
17370
16806
36
1532
18177
17152
7496
15058
17947
16961
7496
2432
14933
17613
8731
16773
10200
18472
4966
17763
5674
3529
15484
17666
8883
