14766
4791
11312
4405
2491
12717
12970
10054
17007
15267
7975
17701
14632
10521
17714
15751
6377
10495
11544
1725
12456
8300
13345
7696
19157
16992
2408
4396
11850
8173
6149
6206
6239
14701
7799
9249
16799
3608
14170
7923
4234
16741
7677
1186
3027
8035
17536
6854
16991
6577
502
7836
14469
14045
4965
9072
6357
5267
6244
16502
3769
2730
7030
12226
591
11496
4394
4378
14096
1382
163
205
14837
10535
16476
12426
8119
5830
1735
19302
10490
6386
12022
11823
13847
9116
16149
6031
19327
19306
11154
11851
4237
2864
16449
1221
11653
9591
1433
3176
4853
9942
10112
5572
12417
6474
5617
17073
6935
9884
4334
13023
14491
4192
12625
2207
7986
13071
11776
15913
13546
14598
16507
17631
1849
5909
19466
10952
18181
2904
9562
18677
18579
9965
13858
1737
10049
2015
16817
3047
16314
2527
2835
7676
8290
16538
6836
18936
19347
7331
15862
15108
590
12770
14152
19419
13557
13190
18641
13244
4191
19507
18247
15282
6654
12933
11660
1532
13735
6927
19263
18362
17661
5911
5100
3326
10255
18643
17666
4555
15640
1612
10858
18087
6947
11675
7994
6613
12370
18510
17476
17865
5349
12700
17598
6830
10433
14405
15480
13246
5556
6117
10957
449
15962
13609
6561
11949
9021
15734
11708
3541
8946
6594
1366
5731
13452
15930
10207
1131
16238
945
19823
17502
7989
3611
2494
5737
4807
11358
5571
19627
3324
18663
2060
3736
14594
16380
4609
15053
6394
12021
555
14423
5493
2731
3267
5367
6979
10763
8211
15337
9171
3034
9200
6947
6298
5231
10840
17641
1785
8087
548
4881
17163
13082
10109
2207
1078
19809
12073
4754
15335
6905
717
7900
14420
7495
3510
19640
2670
19664
15881
18271
10924
14959
3427
5324
1445
13116
5394
3687
19833
17474
6504
3232
16100
18957
6391
473
13495
7898
15563
10045
10789
6103
18375
3358
8140
16165
16835
11256
1892
16738
2170
16507
17887
13625
19217
889
6926
1725
7515
10186
10606
16915
5705
7694
6051
11866
13051
2910
9184
12095
7772
11062
4329
16969
5112
16957
2709
19655
11347
13943
10416
3080
4536
7069
11995
833
3187
16079
3851
12616
3764
5597
6015
16394
9974
4663
7631
8365
9589
1497
10288
8256
4980
9449
4709
15963
13349
2690
246
11980
18493
17985
13902
18486
6696
4032
18521
7350
15006
8212
19929
14685
14492
18369
12272
15963
2737
2411
10659
16667
3081
16842
8979
4095
10900
11297
8785
8547
14306
8723
1671
3340
17820
9046
6926
14284
2288
3895
9667
697
843
10334
2858
4305
1653
18829
9027
9872
1447
1608
14008
12167
2360
1239
7820
408
16656
2727
1386
4407
9087
17679
4164
4433
4034
2419
18239
985
4978
1523
9687
14056
359
6636
5508
9526
5304
6753
9851
5556
19361
16269
2164
620
8394
16259
10648
373
10599
4856
19124
4375
18117
34
15372
7363
2664
4335
18056
3679
14996
16795
1565
19055
6243
1720
9470
4173
14876
5360
17775
12839
7843
8416
7961
5244
86
11143
16087
17563
1045
16398
11726
5358
3428
9165
19881
18119
9382
17009
5607
13740
4055
10706
3431
16078
2323
9874
11321
3026
12875
1005
9521
1994
18263
986
10943
10928
7204
545
13028
8224
944
14084
10365
12172
11753
7845
19792
11003
3859
11873
6873
8456
15653
4771
16984
2996
16852
2036
2083
9021
8593
1020
16108
6856
9211
720
4109
9829
3379
16316
1123
12059
2675
7822
12109
11843
7181
9464
11062
91
10552
4808
18
7994
2334
17239
12764
7940
3197
5727
7381
12320
15077
5481
14255
10834
13397
8644
9602
6499
1199
9672
8865
12543
10044
5256
1815
14783
15212
9310
3222
13246
18560
17856
9169
13920
3876
2932
12671
18806
5981
18234
5905
5465
81
4120
4449
9435
10787
3610
4543
16207
5527
1182
12565
16269
5397
18864
7767
3371
2326
16119
2691
1432
4156
9925
18805
1148
370
9761
11009
19609
4044
68
9753
17566
13375
6828
18643
11949
11255
15006
14440
14002
16366
2040
11242
11338
10560
14069
19551
393
8642
14522
526
17323
15863
6038
13453
2938
1413
9485
1027
5290
16764
2424
10602
17714
15995
3724
12480
10872
11648
19457
16241
19863
9685
1048
10040
15158
5712
10669
2328
5947
16433
9643
4365
12085
5456
13182
12510
19731
16021
16369
7144
2467
11984
3083
16148
14907
3719
12815
3978
12591
15188
10460
5503
2586
8649
4919
18352
801
9577
5809
16074
7467
12202
10319
16226
16714
10533
11093
9239
16606
19107
7589
9234
10155
13068
4700
12703
7638
4393
3986
5894
19288
15708
4030
4764
15684
3357
7130
16805
10294
17142
3139
7252
3366
2311
10395
18720
5453
2558
10461
6971
12199
834
9782
8081
5659
16122
775
9635
14582
9504
16505
18277
392
1798
15918
16581
13159
5719
14572
12941
11097
10840
19046
7454
19281
3037
16249
4116
15087
829
19501
143
1629
8408
10778
18824
7572
17067
18078
14951
12084
9575
10466
10352
9353
11273
17131
5714
9511
15756
8560
13171
14017
3899
16323
3885
17949
3261
5604
10760
10483
5861
4608
18796
13798
8171
15560
6381
1938
10017
6227
2305
4305
866
7962
18365
13123
18843
6872
311
11938
19070
17288
14835
3690
13215
12313
6632
5430
18264
1378
9678
13579
17399
773
189
7948
19272
4871
15460
9676
1615
9874
10110
5975
12384
7539
6006
12295
4906
7595
8762
7235
19858
6674
8197
7581
6053
19329
493
7938
2404
14100
347
894
2764
3539
17442
6264
6280
365
2348
1839
14097
15489
16581
16847
11152
9597
18585
7253
3513
17031
17747
5045
9829
16598
18297
2366
19154
6571
17979
11582
3203
15307
2371
14495
1022
13833
8967
14627
159
12295
2661
15386
19434
14057
12735
19894
9321
8252
7646
10987
2477
18403
4324
8394
16982
10836
11154
18283
10169
19011
806
8051
13104
6718
12459
15577
14477
4596
6127
17293
12694
7644
16731
13495
15095
13822
7013
10202
3794
4787
6919
14877
16922
4486
3838
7032
8861
12812
15346
19121
978
122
12451
18966
13631
19405
16832
15171
6034
16137
9453
11217
16276
17801
17637
12096
17294
10584
8548
10934
13245
11556
4456
5174
12253
10758
