4753
8277
16020
2227
11521
15891
17179
15496
17928
14592
18871
19157
7014
10089
16476
9858
12547
6439
9327
19705
2197
18691
9042
18704
14555
17811
14407
1356
16599
18841
11781
15857
8093
13447
9400
5307
497
16341
1195
2925
13014
6810
16362
3335
4767
4003
19833
5415
131
17179
6477
13388
19457
3510
17338
937
2944
13116
18087
14709
294
9304
11285
14028
2520
12366
4410
12445
11970
17442
11977
11463
17740
8482
15653
11853
5333
8993
5151
1948
4903
18199
9130
8461
8858
15060
18723
13158
3277
17879
4968
14687
2
12015
11589
17444
8553
15723
10548
5519
